time	V(vout)
0.000000000000000e+00	4.837601e-04
1.764215868232506e-01	4.839357e-04
3.528431736465013e-01	4.840020e-04
5.292647604697519e-01	4.839591e-04
7.056863472930025e-01	4.838070e-04
8.821079341162531e-01	4.835457e-04
1.058529520939504e+00	4.831752e-04
1.234951107762754e+00	4.826954e-04
1.250576107762754e+00	4.830334e-04
1.266201107762754e+00	4.834250e-04
1.281826107762754e+00	4.838702e-04
1.297451107762754e+00	4.843690e-04
1.313076107762754e+00	4.849215e-04
1.328701107762754e+00	4.855276e-04
1.344326107762754e+00	4.861874e-04
1.356602893477040e+00	4.825387e-04
1.368879679191325e+00	4.800297e-04
1.381156464905611e+00	4.786605e-04
1.393433250619897e+00	4.784311e-04
1.405710036334183e+00	4.793415e-04
1.417986822048468e+00	4.813916e-04
1.430263607762754e+00	4.845815e-04
1.442540393477040e+00	4.903429e-04
1.454817179191325e+00	4.935411e-04
1.467093964905611e+00	4.941760e-04
1.479370750619897e+00	4.922476e-04
1.491647536334183e+00	4.877559e-04
1.503924322048468e+00	4.807010e-04
1.516201107762754e+00	4.710827e-04
1.539638607762754e+00	4.640406e-04
1.555263607762754e+00	4.715142e-04
1.578701107762754e+00	4.979295e-04
1.594326107762754e+00	5.145685e-04
1.609951107762754e+00	5.188258e-04
1.617763607762754e+00	5.141111e-04
1.625576107762754e+00	5.046165e-04
1.641201107762754e+00	4.744362e-04
1.656826107762754e+00	4.405119e-04
1.664638607762754e+00	4.277503e-04
1.672451107762754e+00	4.208208e-04
1.680263607762754e+00	4.214767e-04
1.688076107762754e+00	4.306854e-04
1.695888607762754e+00	4.483870e-04
1.703701107762754e+00	4.733594e-04
1.727138607762754e+00	5.634415e-04
1.734951107762754e+00	5.854739e-04
1.742763607762754e+00	5.967564e-04
1.750576107762754e+00	5.942591e-04
1.758388607762754e+00	5.764024e-04
1.766201107762754e+00	5.434731e-04
1.774013607762754e+00	4.978457e-04
1.781826107762754e+00	4.439505e-04
1.797451107762754e+00	3.371825e-04
1.805263607762754e+00	2.992489e-04
1.813076107762754e+00	2.810989e-04
1.820888607762754e+00	2.879534e-04
1.828701107762754e+00	3.223636e-04
1.836513607762754e+00	3.834924e-04
1.844326107762754e+00	4.667563e-04
1.852138607762754e+00	5.639259e-04
1.859951107762754e+00	6.637369e-04
1.867763607762754e+00	7.529971e-04
1.875576107762754e+00	8.181107e-04
1.883388607762754e+00	8.468689e-04
1.891201107762754e+00	8.303021e-04
1.899013607762754e+00	7.643493e-04
1.906826107762754e+00	6.510929e-04
1.914638607762754e+00	4.993316e-04
1.922451107762754e+00	3.243202e-04
1.930263607762754e+00	1.465960e-04
1.938076107762754e+00	-1.007506e-05
1.945888607762754e+00	-1.214771e-04
1.953701107762754e+00	-1.661714e-04
1.961513607762754e+00	-1.287950e-04
1.969326107762754e+00	-2.995146e-06
1.977138607762754e+00	2.064533e-04
1.984951107762754e+00	4.827453e-04
1.992763607762754e+00	7.976533e-04
2.000576107762754e+00	1.113772e-03
2.008388607762754e+00	1.388320e-03
2.016201107762754e+00	1.578210e-03
2.024013607762754e+00	1.645855e-03
2.031826107762754e+00	1.565043e-03
2.039638607762754e+00	1.326081e-03
2.047451107762754e+00	9.394134e-04
2.055263607762754e+00	4.369996e-04
2.063076107762754e+00	-1.290287e-04
2.070888607762754e+00	-6.906408e-04
2.078701107762754e+00	-1.170933e-03
2.086513607762754e+00	-1.493334e-03
2.094326107762754e+00	-1.592054e-03
2.102138607762754e+00	-1.422521e-03
2.109951107762754e+00	-9.703963e-04
2.117763607762754e+00	-2.577377e-04
2.125576107762754e+00	6.549202e-04
2.133388607762754e+00	1.671429e-03
2.141201107762754e+00	2.668129e-03
2.149013607762754e+00	3.506834e-03
2.156826107762754e+00	4.051585e-03
2.164638607762754e+00	4.187450e-03
2.172451107762754e+00	3.839058e-03
2.180263607762754e+00	2.986343e-03
2.188076107762754e+00	1.674942e-03
2.195888607762754e+00	1.913292e-05
2.203701107762754e+00	-1.804149e-03
2.211513607762754e+00	-3.570604e-03
2.219326107762754e+00	-5.032415e-03
2.227138607762754e+00	-5.948597e-03
2.234951107762754e+00	-6.118659e-03
2.242763607762754e+00	-5.415483e-03
2.250576107762754e+00	-3.812856e-03
2.258388607762754e+00	-1.403153e-03
2.266201107762754e+00	1.598629e-03
2.274013607762754e+00	4.866979e-03
2.281826107762754e+00	7.994745e-03
2.289638607762754e+00	1.053719e-02
2.297451107762754e+00	1.206732e-02
2.305263607762754e+00	1.223641e-02
2.313076107762754e+00	1.083231e-02
2.320888607762754e+00	7.827094e-03
2.328701107762754e+00	3.406314e-03
2.336513607762754e+00	-2.026715e-03
2.344326107762754e+00	-7.875422e-03
2.352138607762754e+00	-1.340395e-02
2.359951107762754e+00	-1.781736e-02
2.367763607762754e+00	-2.036101e-02
2.375576107762754e+00	-2.042842e-02
2.383388607762754e+00	-1.766440e-02
2.391201107762754e+00	-1.204884e-02
2.399013607762754e+00	-3.946798e-03
2.406826107762754e+00	5.886789e-03
2.414638607762754e+00	1.635524e-02
2.422451107762754e+00	2.612210e-02
2.430263607762754e+00	3.376051e-02
2.438076107762754e+00	3.793579e-02
2.445888607762754e+00	3.760038e-02
2.453701107762754e+00	3.217561e-02
2.461513607762754e+00	2.169387e-02
2.469326107762754e+00	6.876905e-03
2.477138607762754e+00	-1.086818e-02
2.484951107762754e+00	-2.954477e-02
2.492763607762754e+00	-4.675370e-02
2.500576107762754e+00	-5.995937e-02
2.508388607762754e+00	-6.681120e-02
2.516201107762754e+00	-6.548686e-02
2.524013607762754e+00	-5.501524e-02
2.531826107762754e+00	-3.553236e-02
2.539638607762754e+00	-8.424703e-03
2.547451107762754e+00	2.367907e-02
2.555263607762754e+00	5.709163e-02
2.563076107762754e+00	8.742759e-02
2.570888607762754e+00	1.101154e-01
2.578701107762754e+00	1.210062e-01
2.586513607762754e+00	1.170027e-01
2.594326107762754e+00	9.661846e-02
2.602138607762754e+00	6.038322e-02
2.609951107762754e+00	1.102602e-02
2.617763607762754e+00	-4.660513e-02
2.625576107762754e+00	-1.059025e-01
2.633388607762754e+00	-1.591247e-01
2.641201107762754e+00	-1.982518e-01
2.649013607762754e+00	-2.160012e-01
2.656826107762754e+00	-2.069087e-01
2.664638607762754e+00	-1.683467e-01
2.672451107762754e+00	-1.013333e-01
2.680263607762754e+00	-1.097529e-02
2.688076107762754e+00	9.359661e-02
2.695888607762754e+00	1.999039e-01
2.703701107762754e+00	2.934303e-01
2.711513607762754e+00	3.594680e-01
2.719326107762754e+00	3.852435e-01
2.727138607762754e+00	3.619874e-01
2.734951107762754e+00	2.865540e-01
2.742763607762754e+00	1.623404e-01
2.750576107762754e+00	-5.099336e-04
2.758388607762754e+00	-1.856370e-01
2.766201107762754e+00	-3.717010e-01
2.774013607762754e+00	-5.342746e-01
2.781826107762754e+00	-6.483905e-01
2.789638607762754e+00	-6.916320e-01
2.797451107762754e+00	-6.475091e-01
2.805263607762754e+00	-5.087681e-01
2.813076107762754e+00	-2.801432e-01
2.820888607762754e+00	1.998648e-02
2.828701107762754e+00	3.594518e-01
2.836513607762754e+00	6.942982e-01
2.844326107762754e+00	9.738712e-01
2.852138607762754e+00	1.149292e+00
2.859951107762754e+00	1.183551e+00
2.867763607762754e+00	1.058805e+00
2.875576107762754e+00	7.776902e-01
2.883388607762754e+00	3.608387e-01
2.891201107762754e+00	-1.552363e-01
2.899013607762754e+00	-7.192491e-01
2.906826107762754e+00	-1.267175e+00
2.914638607762754e+00	-1.726737e+00
2.922451107762754e+00	-2.024539e+00
2.930263607762754e+00	-2.095350e+00
2.938076107762754e+00	-1.892673e+00
2.945888607762754e+00	-1.399224e+00
2.953701107762754e+00	-6.362215e-01
2.961513607762754e+00	3.278983e-01
2.969326107762754e+00	1.358559e+00
2.977138607762754e+00	2.188214e+00
2.984079032569571e+00	2.535487e+00
2.987796901047219e+00	2.531912e+00
2.991667682592788e+00	2.437665e+00
2.995901875632807e+00	2.295784e+00
3.000462841998846e+00	2.079900e+00
3.008275341998846e+00	1.569942e+00
3.016087841998846e+00	9.101022e-01
3.023900341998846e+00	1.186208e-01
3.031712841998846e+00	-7.408152e-01
3.039525341998846e+00	-1.582273e+00
3.047337841998846e+00	-2.304589e+00
3.055150341998846e+00	-2.741115e+00
3.061902545692052e+00	-2.797626e+00
3.062097695442206e+00	-2.789618e+00
3.062487994942515e+00	-2.763311e+00
3.063268593943131e+00	-2.712150e+00
3.064480990207017e+00	-2.633712e+00
3.066626162735438e+00	-2.490666e+00
3.069810857130280e+00	-2.256119e+00
3.072938393541835e+00	-1.985376e+00
3.075990301534581e+00	-1.668282e+00
3.079598986046289e+00	-1.229319e+00
3.083095775512249e+00	-7.375550e-01
3.090089354444170e+00	3.599821e-01
3.097901854444170e+00	1.564807e+00
3.105714354444170e+00	2.405127e+00
3.112204390242129e+00	2.611106e+00
3.115404278182801e+00	2.561861e+00
3.118457861761617e+00	2.482618e+00
3.121340501781933e+00	2.395599e+00
3.125807674987044e+00	2.227408e+00
3.129869445606267e+00	2.029169e+00
3.135189612581760e+00	1.694607e+00
3.141072933968491e+00	1.235857e+00
3.147702998181627e+00	6.199439e-01
3.155515498181627e+00	-1.923554e-01
3.163327998181627e+00	-1.032172e+00
3.171140498181627e+00	-1.814891e+00
3.178952998181627e+00	-2.440159e+00
3.186765498181627e+00	-2.731498e+00
3.194577998181627e+00	-2.562831e+00
3.198357678394472e+00	-2.305717e+00
3.200990395029072e+00	-2.074980e+00
3.203497371859718e+00	-1.826010e+00
3.207150186155984e+00	-1.400877e+00
3.210718798062402e+00	-9.225139e-01
3.215251830779154e+00	-2.368218e-01
3.220361232233139e+00	5.983825e-01
3.226290127349947e+00	1.548221e+00
3.233229168887731e+00	2.364470e+00
3.238934980584038e+00	2.610861e+00
3.242105076131922e+00	2.582307e+00
3.245151606964969e+00	2.512041e+00
3.248341554940136e+00	2.427778e+00
3.251415441658065e+00	2.331715e+00
3.254531849011545e+00	2.212808e+00
3.257623879366490e+00	2.069375e+00
3.260702558012814e+00	1.899366e+00
3.263774847575200e+00	1.702280e+00
3.266831292419073e+00	1.479472e+00
3.269871343457060e+00	1.232600e+00
3.272901712969014e+00	9.634488e-01
3.275906815189056e+00	6.762937e-01
3.278902466085730e+00	3.729946e-01
3.281870110124753e+00	5.925615e-02
3.284825344301772e+00	-2.623666e-01
3.287752215404133e+00	-5.856375e-01
3.290663666173756e+00	-9.072643e-01
3.293547210264527e+00	-1.221009e+00
3.296413134126204e+00	-1.523080e+00
3.299252572218298e+00	-1.807660e+00
3.302072894072343e+00	-2.070719e+00
3.304869435751154e+00	-2.307236e+00
3.307646035286044e+00	-2.513208e+00
3.310402851748985e+00	-2.684625e+00
3.313139685230675e+00	-2.817739e+00
3.315861839955462e+00	-2.891989e+00
3.318565333006932e+00	-2.881402e+00
3.319619519636455e+00	-2.838480e+00
3.321040759073110e+00	-2.749293e+00
3.322303689082233e+00	-2.667409e+00
3.323593488605207e+00	-2.583444e+00
3.324914672772918e+00	-2.495585e+00
3.326188355568946e+00	-2.407187e+00
3.327499292435525e+00	-2.310122e+00
3.328789865918739e+00	-2.206558e+00
3.330090318900559e+00	-2.092789e+00
3.331391796338257e+00	-1.968998e+00
3.332695758375028e+00	-1.834967e+00
3.334004622616995e+00	-1.690554e+00
3.335318877512137e+00	-1.535876e+00
3.336637757973389e+00	-1.371242e+00
3.337965592362223e+00	-1.196367e+00
3.339298821205286e+00	-1.012024e+00
3.340643287626082e+00	-8.177623e-01
3.341994994322243e+00	-6.145805e-01
3.343359690127964e+00	-4.021094e-01
3.344733709357851e+00	-1.815014e-01
3.346122512431172e+00	4.743398e-02
3.347522655229106e+00	2.833180e-01
3.348939462095788e+00	5.260831e-01
3.350369582608930e+00	7.739983e-01
3.351818207103891e+00	1.026559e+00
3.353282092825378e+00	1.281458e+00
3.354766180898278e+00	1.537337e+00
3.356267315770473e+00	1.790666e+00
3.357790186884221e+00	2.037877e+00
3.359331090134741e+00	2.270474e+00
3.360895802286033e+00	2.470488e+00
3.362471212746613e+00	2.603626e+00
3.364092489218526e+00	2.660851e+00
3.365484476414506e+00	2.667346e+00
3.366945765406869e+00	2.655475e+00
3.368340350159801e+00	2.635442e+00
3.369707629884042e+00	2.610519e+00
3.371060733558950e+00	2.582638e+00
3.372372730539765e+00	2.553543e+00
3.373668373316645e+00	2.523288e+00
3.374934213072493e+00	2.492361e+00
3.376176301852336e+00	2.460489e+00
3.377395424983878e+00	2.427339e+00
3.378590035369469e+00	2.392580e+00
3.379762868299554e+00	2.355808e+00
3.380913502312592e+00	2.316808e+00
3.382042293398151e+00	2.275455e+00
3.383150915632260e+00	2.231662e+00
3.384238316846856e+00	2.185506e+00
3.385306730602242e+00	2.136969e+00
3.386355022347381e+00	2.086210e+00
3.387385206864186e+00	2.033255e+00
3.388396372612676e+00	1.978290e+00
3.389390318326078e+00	1.921362e+00
3.390366239086220e+00	1.862669e+00
3.391325847237807e+00	1.802262e+00
3.392268361149878e+00	1.740344e+00
3.393195447409227e+00	1.676958e+00
3.394106343964758e+00	1.612309e+00
3.395883675379516e+00	1.479523e+00
3.397603739999742e+00	1.342885e+00
3.398443584682708e+00	1.273362e+00
3.399269827388739e+00	1.203222e+00
3.400083874626045e+00	1.132472e+00
3.402452785600923e+00	9.177362e-01
3.404721709045614e+00	7.006645e-01
3.406899724804734e+00	4.830351e-01
3.408997164393238e+00	2.661355e-01
3.410354944674043e+00	1.225138e-01
3.411022573765794e+00	5.110837e-02
3.411683526910936e+00	-2.003121e-02
3.412985520404989e+00	-1.612877e-01
3.413627220799532e+00	-2.313628e-01
3.414263485692138e+00	-3.010807e-01
3.415519939871945e+00	-4.392665e-01
3.417369601607199e+00	-6.432678e-01
3.419184878298881e+00	-8.430957e-01
3.420973522296003e+00	-1.038454e+00
3.422155305049481e+00	-1.166115e+00
3.423331315873466e+00	-1.291628e+00
3.424503959802589e+00	-1.414917e+00
3.426261971063669e+00	-1.595486e+00
3.427647367877138e+00	-1.734972e+00
3.429032764690605e+00	-1.868513e+00
3.430418161504074e+00	-1.996108e+00
3.431803558317541e+00	-2.117757e+00
3.433188955131010e+00	-2.233461e+00
3.434574351944478e+00	-2.343219e+00
3.435959748757946e+00	-2.447031e+00
3.437912555678980e+00	-2.577468e+00
3.439934556770706e+00	-2.694031e+00
3.441327509583179e+00	-2.762511e+00
3.442761283482391e+00	-2.822287e+00
3.443495031673883e+00	-2.848497e+00
3.444240434052679e+00	-2.871982e+00
3.444998722531380e+00	-2.892475e+00
3.445769919316712e+00	-2.909060e+00
3.446555149325980e+00	-2.917750e+00
3.447357201713946e+00	-2.909883e+00
3.448166148840835e+00	-2.879844e+00
3.448992154270067e+00	-2.832773e+00
3.449862468068446e+00	-2.777096e+00
3.450739300898936e+00	-2.720345e+00
3.451637556628056e+00	-2.662262e+00
3.452564313275996e+00	-2.602105e+00
3.453507366309302e+00	-2.540153e+00
3.454479694257810e+00	-2.474784e+00
3.455474915454367e+00	-2.405348e+00
3.456497241993566e+00	-2.330223e+00
3.457548249732399e+00	-2.247871e+00
3.458626984034945e+00	-2.157086e+00
3.459738791657529e+00	-2.056406e+00
3.460880519394295e+00	-1.945355e+00
3.462059022879533e+00	-1.822647e+00
3.463271178633701e+00	-1.688041e+00
3.464523427790644e+00	-1.540283e+00
3.465813690477001e+00	-1.379099e+00
3.467148137033383e+00	-1.203238e+00
3.468524982083743e+00	-1.012517e+00
3.469951056048754e+00	-8.056515e-01
3.471424207530801e+00	-5.827423e-01
3.472952340912935e+00	-3.425494e-01
3.474532830663020e+00	-8.567686e-02
3.476174653956686e+00	1.888244e-01
3.477874806648402e+00	4.795013e-01
3.479643242617198e+00	7.864910e-01
3.481476622635745e+00	1.106761e+00
3.483385805789194e+00	1.438391e+00
3.485366856125246e+00	1.774540e+00
3.487431922492766e+00	2.105495e+00
3.489573724206219e+00	2.397417e+00
3.491816950372213e+00	2.592197e+00
3.494076058694787e+00	2.662338e+00
3.495606810025750e+00	2.660258e+00
3.497309374478050e+00	2.637830e+00
3.499295631976435e+00	2.601536e+00
3.501306146770208e+00	2.558454e+00
3.503642223250987e+00	2.503143e+00
3.506117099008309e+00	2.438286e+00
3.508857719605274e+00	2.355336e+00
3.511858550555429e+00	2.246128e+00
3.515120662100942e+00	2.101039e+00
3.518717726411469e+00	1.906580e+00
3.522620440042668e+00	1.654026e+00
3.526909815404014e+00	1.328368e+00
3.531569721543936e+00	9.230862e-01
3.536676021730976e+00	4.283980e-01
3.542213937764236e+00	-1.487652e-01
3.548279298852186e+00	-7.981789e-01
3.554832712380254e+00	-1.472688e+00
3.562018050720054e+00	-2.112400e+00
3.569768223912904e+00	-2.594464e+00
3.577580723912904e+00	-2.762121e+00
3.582074468202459e+00	-2.621780e+00
3.585343049612123e+00	-2.396484e+00
3.587515065311739e+00	-2.223965e+00
3.589558993852351e+00	-2.043783e+00
3.592104522083992e+00	-1.784634e+00
3.594707614337289e+00	-1.482234e+00
3.597654553155226e+00	-1.095881e+00
3.600898055296386e+00	-6.240797e-01
3.604444984458447e+00	-6.217796e-02
3.608393577504106e+00	6.011984e-01
3.612749503894273e+00	1.343169e+00
3.617547454470480e+00	2.053200e+00
3.622938575544888e+00	2.524514e+00
3.627784494270276e+00	2.612106e+00
3.632134308347100e+00	2.535700e+00
3.635662330399268e+00	2.446207e+00
3.639128727319822e+00	2.337826e+00
3.644043996537749e+00	2.138722e+00
3.649019091050682e+00	1.872129e+00
3.655271929445722e+00	1.437986e+00
3.662366803336539e+00	8.321542e-01
3.670179303336539e+00	6.191295e-02
3.677991803336539e+00	-7.582511e-01
3.685804303336539e+00	-1.549444e+00
3.693616803336539e+00	-2.216631e+00
3.701429303336539e+00	-2.638561e+00
3.709241803336539e+00	-2.694867e+00
3.715230928484069e+00	-2.420703e+00
3.720915426610393e+00	-1.936762e+00
3.724137982328475e+00	-1.587328e+00
3.727244693378082e+00	-1.188531e+00
3.731431135845337e+00	-5.770925e-01
3.736014959539479e+00	1.615822e-01
3.741446972416651e+00	1.077580e+00
3.747984490119246e+00	2.044054e+00
3.753829900220664e+00	2.557890e+00
3.757454571518410e+00	2.625681e+00
3.761267655854395e+00	2.561903e+00
3.764710130935379e+00	2.480851e+00
3.768077256031716e+00	2.382806e+00
3.773396983674193e+00	2.183243e+00
3.778189550812469e+00	1.941903e+00
3.784655606156459e+00	1.512059e+00
3.791817435523827e+00	9.187390e-01
3.799629935523827e+00	1.614044e-01
3.807442435523827e+00	-6.545444e-01
3.815254935523827e+00	-1.452356e+00
3.823067435523827e+00	-2.138426e+00
3.830879935523827e+00	-2.603279e+00
3.838692435523827e+00	-2.737235e+00
3.843648794486286e+00	-2.555420e+00
3.848225517831115e+00	-2.203269e+00
3.850967001440655e+00	-1.947139e+00
3.853484913616499e+00	-1.673926e+00
3.857361674647624e+00	-1.185719e+00
3.861089305215315e+00	-6.511194e-01
3.865932231063724e+00	1.214224e-01
3.871444226913012e+00	1.043759e+00
3.877896655719792e+00	2.004555e+00
3.883738767922545e+00	2.536306e+00
3.887601709231843e+00	2.615941e+00
3.891855741754538e+00	2.545242e+00
3.895267177545471e+00	2.463607e+00
3.898636424253004e+00	2.364904e+00
3.903036223958648e+00	2.201485e+00
3.907488759636468e+00	1.985927e+00
3.912743074479999e+00	1.658798e+00
3.918605733435484e+00	1.207446e+00
3.925065571170138e+00	6.186150e-01
3.932483318328146e+00	-1.364220e-01
3.940295818328146e+00	-9.599138e-01
3.948108318328146e+00	-1.731787e+00
3.955920818328146e+00	-2.355884e+00
3.963733318328146e+00	-2.691785e+00
3.971545818328146e+00	-2.705707e+00
3.971787660101163e+00	-2.696457e+00
3.972271343647197e+00	-2.666511e+00
3.973126789808080e+00	-2.612518e+00
3.974006025231809e+00	-2.555592e+00
3.975764496079269e+00	-2.433248e+00
3.979281437774189e+00	-2.157435e+00
3.981797201609465e+00	-1.926751e+00
3.984174424380779e+00	-1.666341e+00
3.988481403271003e+00	-1.114208e+00
3.993266680932689e+00	-4.046644e-01
4.001079180932688e+00	8.662868e-01
4.008891680932688e+00	2.011475e+00
4.015150642896921e+00	2.554631e+00
4.019080994646304e+00	2.619908e+00
4.022874116549483e+00	2.552739e+00
4.025967052920080e+00	2.478129e+00
4.029356470799231e+00	2.374811e+00
4.036028788489495e+00	2.094431e+00
4.043841288489495e+00	1.634923e+00
4.051653788489495e+00	1.025147e+00
4.059466288489495e+00	2.885265e-01
4.067278788489495e+00	-5.195089e-01
4.075091288489495e+00	-1.322410e+00
4.082903788489495e+00	-2.028759e+00
4.090716288489495e+00	-2.539805e+00
4.098528788489495e+00	-2.708914e+00
4.106341288489495e+00	-2.441662e+00
4.110842702852135e+00	-2.084167e+00
4.113677294786542e+00	-1.792685e+00
4.116293771092066e+00	-1.486227e+00
4.119435331665931e+00	-1.059861e+00
4.125718452813663e+00	-9.053781e-02
4.133530952813663e+00	1.180209e+00
4.141343452813663e+00	2.229039e+00
4.147193262821938e+00	2.601921e+00
4.150084844412272e+00	2.608081e+00
4.152865863683101e+00	2.552266e+00
4.156648968345309e+00	2.459509e+00
4.160700938906269e+00	2.337276e+00
4.165492897452190e+00	2.145715e+00
4.171147552870116e+00	1.841486e+00
4.177587717557598e+00	1.388576e+00
4.185138202514972e+00	7.333351e-01
4.192950702514972e+00	-4.453544e-02
4.200763202514972e+00	-8.648745e-01
4.208575702514972e+00	-1.644696e+00
4.216388202514972e+00	-2.288047e+00
4.224200702514972e+00	-2.665657e+00
4.232013202514972e+00	-2.749081e+00
4.232382857339720e+00	-2.738567e+00
4.233122166989216e+00	-2.697704e+00
4.234600786288208e+00	-2.607908e+00
4.236018061349369e+00	-2.515847e+00
4.238038101881804e+00	-2.371305e+00
4.241483777697142e+00	-2.088936e+00
4.244041368042820e+00	-1.842722e+00
4.246510764857834e+00	-1.564327e+00
4.249606872091433e+00	-1.158118e+00
4.255799086558630e+00	-2.245013e-01
4.263611586558630e+00	1.043787e+00
4.271424086558630e+00	2.141944e+00
4.277401971125074e+00	2.594313e+00
4.280462224350663e+00	2.625206e+00
4.283536895611521e+00	2.568929e+00
4.287030540922354e+00	2.486684e+00
4.290473031613781e+00	2.385111e+00
4.296779431343843e+00	2.135013e+00
4.303112023387673e+00	1.785876e+00
4.310924523387673e+00	1.210712e+00
4.318737023387673e+00	5.056310e-01
4.326549523387673e+00	-2.887403e-01
4.334362023387673e+00	-1.101458e+00
4.342174523387673e+00	-1.844443e+00
4.349987023387673e+00	-2.420819e+00
4.357799523387673e+00	-2.691749e+00
4.365612023387673e+00	-2.570287e+00
4.369683852348214e+00	-2.329582e+00
4.373597703365711e+00	-1.992896e+00
4.377178951304662e+00	-1.605060e+00
4.383362535341947e+00	-7.797005e-01
4.389338113445882e+00	1.463930e-01
4.397150613445882e+00	1.401741e+00
4.404963113445882e+00	2.350896e+00
4.410892262906822e+00	2.615784e+00
4.414147001370959e+00	2.583612e+00
4.417274123973056e+00	2.510076e+00
4.420387033983753e+00	2.426981e+00
4.423881155896501e+00	2.316366e+00
4.427261464023099e+00	2.184007e+00
4.430911531861150e+00	2.007069e+00
4.434641119807291e+00	1.788308e+00
4.438489697845850e+00	1.521832e+00
4.442514998656427e+00	1.201553e+00
4.446630269721441e+00	8.347108e-01
4.450923217754825e+00	4.166682e-01
4.455327505285138e+00	-3.949052e-02
4.459895696288725e+00	-5.281879e-01
4.464589866056709e+00	-1.029420e+00
4.469447806337317e+00	-1.525814e+00
4.474439165352138e+00	-1.987094e+00
4.479601352497563e+00	-2.383918e+00
4.484913096342484e+00	-2.676536e+00
4.490401148450883e+00	-2.781239e+00
4.496074168127686e+00	-2.621322e+00
4.499552653815426e+00	-2.396329e+00
4.502424177250832e+00	-2.162014e+00
4.505240601923608e+00	-1.895958e+00
4.508317298225240e+00	-1.552814e+00
4.511428357432393e+00	-1.154088e+00
4.514721555091043e+00	-6.807851e-01
4.518145119677127e+00	-1.428886e-01
4.521728870329654e+00	4.565248e-01
4.525475460484185e+00	1.101472e+00
4.529413487399544e+00	1.760928e+00
4.533513031048601e+00	2.305910e+00
4.537874735093046e+00	2.602496e+00
4.540889960167046e+00	2.632954e+00
4.543750298730486e+00	2.586993e+00
4.546599357691357e+00	2.524530e+00
4.549488289059376e+00	2.452224e+00
4.552287401576187e+00	2.371765e+00
4.555122847761917e+00	2.275068e+00
4.557909445926004e+00	2.161269e+00
4.560681800763587e+00	2.027280e+00
4.563440863213700e+00	1.872531e+00
4.566165322112307e+00	1.698484e+00
4.568879154551432e+00	1.504493e+00
4.571559240711980e+00	1.293590e+00
4.574222482021918e+00	1.066188e+00
4.576854646503951e+00	8.255175e-01
4.579466036501502e+00	5.729120e-01
4.582046245373072e+00	3.118560e-01
4.584604241558863e+00	4.408382e-02
4.587130212218245e+00	-2.266152e-01
4.589633081848244e+00	-4.983572e-01
4.592103850351620e+00	-7.672891e-01
4.594550598676928e+00	-1.031419e+00
4.596966129674496e+00	-1.287140e+00
4.599356900043900e+00	-1.532387e+00
4.601718095891300e+00	-1.764023e+00
4.604054198950410e+00	-1.979987e+00
4.606362986932741e+00	-2.177728e+00
4.608646842085479e+00	-2.355293e+00
4.610906178416339e+00	-2.510745e+00
4.613141243471816e+00	-2.642342e+00
4.615355041632351e+00	-2.748714e+00
4.617545720201039e+00	-2.828415e+00
4.619718741573994e+00	-2.872991e+00
4.621870399748519e+00	-2.868100e+00
4.622885704625401e+00	-2.833357e+00
4.624212343452063e+00	-2.755927e+00
4.625354902389232e+00	-2.682550e+00
4.626568586453596e+00	-2.603550e+00
4.627763024361868e+00	-2.524718e+00
4.628938608237685e+00	-2.444560e+00
4.630134452721350e+00	-2.358672e+00
4.631309527969860e+00	-2.268269e+00
4.632494217669199e+00	-2.169722e+00
4.633673054246016e+00	-2.063576e+00
4.634853868472581e+00	-1.948911e+00
4.636034829220162e+00	-1.825939e+00
4.637217948457311e+00	-1.694581e+00
4.638402529775457e+00	-1.555086e+00
4.639591599120206e+00	-1.407285e+00
4.640782955709700e+00	-1.251668e+00
4.641980874275238e+00	-1.087914e+00
4.643182444668179e+00	-9.166915e-01
4.644392231503740e+00	-7.376534e-01
4.645607332332146e+00	-5.515738e-01
4.646832211334843e+00	-3.581609e-01
4.648064104932258e+00	-1.582991e-01
4.649307378414099e+00	4.820491e-02
4.650559354864803e+00	2.603123e-01
4.651824326625499e+00	4.780587e-01
4.653099695881024e+00	7.001863e-01
4.654389633723586e+00	9.264596e-01
4.655691661128234e+00	1.155285e+00
4.657009739677100e+00	1.385933e+00
4.658341528260376e+00	1.616178e+00
4.659690718641644e+00	1.844232e+00
4.661054932053439e+00	2.066160e+00
4.662437861336706e+00	2.276332e+00
4.663835569888790e+00	2.460064e+00
4.665256875100993e+00	2.591438e+00
4.666674023998739e+00	2.653172e+00
4.668113298355279e+00	2.667289e+00
4.669438272019077e+00	2.660302e+00
4.671066366979941e+00	2.639330e+00
4.672564008279690e+00	2.613132e+00
4.674239942016050e+00	2.578753e+00
4.675948610119025e+00	2.540466e+00
4.677725243686021e+00	2.497913e+00
4.679604666475758e+00	2.449600e+00
4.681541538096655e+00	2.394885e+00
4.683579350162197e+00	2.329936e+00
4.685698469284334e+00	2.252491e+00
4.687912341566475e+00	2.159367e+00
4.690221463719316e+00	2.048021e+00
4.692631547156035e+00	1.915728e+00
4.695143094968690e+00	1.760212e+00
4.697766052368272e+00	1.578869e+00
4.700495006299551e+00	1.370392e+00
4.703344900174868e+00	1.132395e+00
4.706306475505666e+00	8.650646e-01
4.709397756457446e+00	5.670298e-01
4.712606887463136e+00	2.408291e-01
4.715954305512735e+00	-1.127431e-01
4.719425865621707e+00	-4.874710e-01
4.723044549589681e+00	-8.788635e-01
4.726794945895306e+00	-1.275610e+00
4.730701590471254e+00	-1.667584e+00
4.734750925937615e+00	-2.037285e+00
4.738966035157527e+00	-2.367043e+00
4.743341512389530e+00	-2.632977e+00
4.747892921365797e+00	-2.791797e+00
4.752633734494389e+00	-2.780890e+00
4.756034963219991e+00	-2.633700e+00
4.759169285678574e+00	-2.417453e+00
4.762238744837873e+00	-2.171439e+00
4.765207514966094e+00	-1.890266e+00
4.768622756602917e+00	-1.504591e+00
4.771970948716657e+00	-1.066813e+00
4.775590964636082e+00	-5.336937e-01
4.779380102097028e+00	7.562316e-02
4.783316460751499e+00	7.444255e-01
4.787527857091038e+00	1.464731e+00
4.791889918780535e+00	2.115512e+00
4.796568521342442e+00	2.532808e+00
4.801185395840924e+00	2.624703e+00
4.804919301519414e+00	2.565758e+00
4.808312878150763e+00	2.484493e+00
4.811501425143811e+00	2.394479e+00
4.815649351063547e+00	2.249240e+00
4.819834315609210e+00	2.060452e+00
4.824689863970341e+00	1.779786e+00
4.830039808273976e+00	1.396443e+00
4.835932364897371e+00	8.921551e-01
4.842520196058966e+00	2.499257e-01
4.849794058365511e+00	-5.103120e-01
4.857606558365511e+00	-1.317848e+00
4.865419058365511e+00	-2.029925e+00
4.873231558365511e+00	-2.547607e+00
4.881044058365511e+00	-2.720045e+00
4.888856558365511e+00	-2.396524e+00
4.896669058365511e+00	-1.633350e+00
4.902381661623361e+00	-8.788899e-01
4.907807721051952e+00	-3.574124e-02
4.915620221051952e+00	1.251490e+00
4.922712173241484e+00	2.209843e+00
4.928388963448136e+00	2.573264e+00
4.932071922368937e+00	2.580991e+00
4.935657805122644e+00	2.507652e+00
4.939307867079178e+00	2.414164e+00
4.943013407628639e+00	2.298111e+00
4.946686518782825e+00	2.152795e+00
4.950425830969040e+00	1.967454e+00
4.954167830531367e+00	1.742035e+00
4.957925437283292e+00	1.475528e+00
4.961715294828574e+00	1.168302e+00
4.965499678584270e+00	8.267603e-01
4.969316107635891e+00	4.524522e-01
4.973125342229705e+00	5.573010e-02
4.976957982644416e+00	-3.585287e-01
4.980783788672580e+00	-7.776020e-01
4.984626561294675e+00	-1.193415e+00
4.988462774918530e+00	-1.591737e+00
4.992311717299683e+00	-1.962169e+00
4.996157190558266e+00	-2.290341e+00
5.000011925447306e+00	-2.564512e+00
5.003870945475691e+00	-2.771652e+00
5.007736546756175e+00	-2.867242e+00
5.011618265233457e+00	-2.796213e+00
5.014644344586521e+00	-2.632513e+00
5.017396778195170e+00	-2.441982e+00
5.020535652914148e+00	-2.195656e+00
5.023438846304375e+00	-1.924297e+00
5.026494131248470e+00	-1.586386e+00
5.029575506523273e+00	-1.194933e+00
5.032650205319557e+00	-7.578351e-01
5.035828662939889e+00	-2.647775e-01
5.039002969742925e+00	2.597461e-01
5.042264675296471e+00	8.194535e-01
5.045557734208593e+00	1.387660e+00
5.048924910646429e+00	1.940840e+00
5.052333255840101e+00	2.381450e+00
5.055841167202457e+00	2.614353e+00
5.058576619711246e+00	2.644364e+00
5.061236758412219e+00	2.606632e+00
5.064039818452712e+00	2.548448e+00
5.066571045113266e+00	2.488040e+00
5.069171025809358e+00	2.418518e+00
5.071653466233078e+00	2.342275e+00
5.074081463642338e+00	2.254876e+00
5.076464008137874e+00	2.154672e+00
5.078772451270614e+00	2.042760e+00
5.081032833619633e+00	1.918409e+00
5.083233391261309e+00	1.783177e+00
5.085375891993771e+00	1.638196e+00
5.087467687027766e+00	1.484282e+00
5.089500554881935e+00	1.323414e+00
5.091484722219301e+00	1.156179e+00
5.093413103707555e+00	9.845586e-01
5.095293491621097e+00	8.092150e-01
5.097121233792468e+00	6.318865e-01
5.098902403652898e+00	4.532281e-01
5.100633539544593e+00	2.747595e-01
5.102320007003610e+00	9.702223e-02
5.103958954896334e+00	-7.867167e-02
5.105555237673898e+00	-2.519157e-01
5.107106609512432e+00	-4.216255e-01
5.108617327359767e+00	-5.875112e-01
5.110085803103131e+00	-7.487262e-01
5.111515663139407e+00	-9.050772e-01
5.112905942586236e+00	-1.055944e+00
5.114259677936223e+00	-1.201214e+00
5.115576446849119e+00	-1.340468e+00
5.116858759599154e+00	-1.473661e+00
5.118106650815363e+00	-1.600544e+00
5.120505722422431e+00	-1.835297e+00
5.122782594399562e+00	-2.044555e+00
5.124945910343938e+00	-2.228692e+00
5.127003984589681e+00	-2.388474e+00
5.128964775025877e+00	-2.524946e+00
5.130835867506791e+00	-2.639323e+00
5.132624470177371e+00	-2.732913e+00
5.133489817997817e+00	-2.772323e+00
5.134337415986745e+00	-2.807052e+00
5.135167368457639e+00	-2.837234e+00
5.135981171669884e+00	-2.863051e+00
5.136778834668805e+00	-2.884590e+00
5.137561841638209e+00	-2.901649e+00
5.138330291061486e+00	-2.912192e+00
5.139084529946111e+00	-2.910419e+00
5.139831552842202e+00	-2.890279e+00
5.140563189722275e+00	-2.853824e+00
5.141273955832245e+00	-2.810042e+00
5.141988021444684e+00	-2.763991e+00
5.142688574999715e+00	-2.718684e+00
5.143379012752982e+00	-2.674046e+00
5.144064420885019e+00	-2.629652e+00
5.144739092512269e+00	-2.585714e+00
5.145408194396540e+00	-2.541700e+00
5.146069685263165e+00	-2.497511e+00
5.146724708738745e+00	-2.452811e+00
5.147374082865536e+00	-2.407264e+00
5.148017472170838e+00	-2.360615e+00
5.148656216013982e+00	-2.312511e+00
5.149289928882849e+00	-2.262778e+00
5.149919917846311e+00	-2.211169e+00
5.150545761709295e+00	-2.157638e+00
5.151168872384448e+00	-2.102036e+00
5.151788707677051e+00	-2.044417e+00
5.153022413623862e+00	-1.922883e+00
5.154250464120680e+00	-1.792963e+00
5.155476429102452e+00	-1.654565e+00
5.156089959760372e+00	-1.582116e+00
5.156703878732226e+00	-1.507537e+00
5.157319497589354e+00	-1.430696e+00
5.157936397384062e+00	-1.351670e+00
5.159177606223891e+00	-1.186696e+00
5.161064020693200e+00	-9.214359e-01
5.162990659443943e+00	-6.338384e-01
5.164304440901163e+00	-4.289992e-01
5.165646428131126e+00	-2.132520e-01
5.166329594691327e+00	-1.011410e-01
5.167020973204350e+00	1.373581e-02
5.167722116790726e+00	1.315685e-01
5.168432632029211e+00	2.522106e-01
5.169154112321003e+00	3.758370e-01
5.169886184887670e+00	5.022702e-01
5.171386653201461e+00	7.637720e-01
5.172939309571976e+00	1.036191e+00
5.173737162250772e+00	1.176216e+00
5.174549675807552e+00	1.318395e+00
5.175378513266553e+00	1.462590e+00
5.176223498671834e+00	1.608235e+00
5.177086256358456e+00	1.754923e+00
5.177966680323641e+00	1.901736e+00
5.178866334864214e+00	2.047702e+00
5.179785097534320e+00	2.191007e+00
5.180724579306460e+00	2.329024e+00
5.181684023305345e+00	2.455997e+00
5.182666329080445e+00	2.560765e+00
5.183663165326745e+00	2.628888e+00
5.184688359030384e+00	2.660489e+00
5.185757542332800e+00	2.669203e+00
5.186808709804423e+00	2.666274e+00
5.187881248586791e+00	2.656145e+00
5.188966848405269e+00	2.640943e+00
5.190057460687936e+00	2.622166e+00
5.191166729319606e+00	2.600556e+00
5.192283789058203e+00	2.576992e+00
5.193415893333603e+00	2.551752e+00
5.194560666127469e+00	2.525113e+00
5.195718780272123e+00	2.497083e+00
5.196891537770028e+00	2.467451e+00
5.198078367452718e+00	2.435867e+00
5.199280420749085e+00	2.401794e+00
5.200497592034903e+00	2.364667e+00
5.201730809611408e+00	2.323898e+00
5.202979579049053e+00	2.279000e+00
5.204245546152262e+00	2.229476e+00
5.205527350200999e+00	2.175001e+00
5.206827287876549e+00	2.115140e+00
5.208143535189495e+00	2.049678e+00
5.209478608222256e+00	1.978220e+00
5.210830512269432e+00	1.900633e+00
5.212201865846282e+00	1.816555e+00
5.213590497042669e+00	1.725934e+00
5.214999190717593e+00	1.628435e+00
5.216425528716741e+00	1.524105e+00
5.217872512436299e+00	1.412638e+00
5.219337456235190e+00	1.294196e+00
5.220823579890384e+00	1.168514e+00
5.222327948725193e+00	1.035887e+00
5.223853979294738e+00	8.961108e-01
5.225398524136646e+00	7.496308e-01
5.226965165506832e+00	5.963272e-01
5.228550593522135e+00	4.368139e-01
5.230158514043850e+00	2.710837e-01
5.231785524877273e+00	9.993494e-02
5.233435397158430e+00	-7.649360e-02
5.235104731892793e+00	-2.572086e-01
5.236797287191899e+00	-4.418870e-01
5.238509792025410e+00	-6.293357e-01
5.240245890788303e+00	-8.190063e-01
5.242002597346015e+00	-1.009508e+00
5.243783317302606e+00	-1.200025e+00
5.245585540962836e+00	-1.388977e+00
5.247412284014440e+00	-1.575240e+00
5.249261741178067e+00	-1.757060e+00
5.251136359933249e+00	-1.932972e+00
5.253035304776580e+00	-2.101059e+00
5.254960249135087e+00	-2.259501e+00
5.256911629951810e+00	-2.406229e+00
5.258890113659447e+00	-2.539067e+00
5.260897748259326e+00	-2.655800e+00
5.262933934841320e+00	-2.753932e+00
5.265002703443520e+00	-2.831057e+00
5.267101910848838e+00	-2.877113e+00
5.269237807990345e+00	-2.866832e+00
5.271021648392672e+00	-2.796225e+00
5.272736971157771e+00	-2.690597e+00
5.274653020844792e+00	-2.564536e+00
5.276381663039513e+00	-2.447114e+00
5.278302773304668e+00	-2.305318e+00
5.280178052513554e+00	-2.150455e+00
5.282111216586325e+00	-1.969826e+00
5.284104409290965e+00	-1.760734e+00
5.286109345426098e+00	-1.527425e+00
5.288190082340112e+00	-1.262158e+00
5.290299582542730e+00	-9.709122e-01
5.292473316627754e+00	-6.493634e-01
5.294695919081034e+00	-3.009133e-01
5.296981369299655e+00	7.464176e-02
5.299324587311854e+00	4.733550e-01
5.301738478475401e+00	8.927318e-01
5.304214614575631e+00	1.324180e+00
5.306770758270750e+00	1.758981e+00
5.309392714647255e+00	2.169340e+00
5.312107110488967e+00	2.486972e+00
5.314855724775746e+00	2.643238e+00
5.316650651062788e+00	2.660923e+00
5.318423351502267e+00	2.641788e+00
5.320604753558414e+00	2.603669e+00
5.322834529941178e+00	2.556401e+00
5.325388006475355e+00	2.495622e+00
5.328173123667292e+00	2.421025e+00
5.331235068335879e+00	2.324014e+00
5.334632648683774e+00	2.191480e+00
5.338347027686865e+00	2.011413e+00
5.342466942235272e+00	1.766276e+00
5.346973183733680e+00	1.444263e+00
5.351955107176188e+00	1.028052e+00
5.357401012376899e+00	5.128803e-01
5.363414304465514e+00	-1.062397e-01
5.369966250456167e+00	-8.020412e-01
5.377210126482664e+00	-1.535829e+00
5.385022626482664e+00	-2.204480e+00
5.392835126482664e+00	-2.633538e+00
5.400647626482664e+00	-2.682589e+00
5.408460126482664e+00	-2.284906e+00
5.416272626482664e+00	-1.496602e+00
5.424085126482664e+00	-4.141093e-01
5.431897626482664e+00	8.454033e-01
5.439710126482664e+00	2.004978e+00
5.445935779945919e+00	2.522636e+00
5.451821902908839e+00	2.583169e+00
5.457551934021622e+00	2.453919e+00
5.463522804643296e+00	2.254932e+00
5.468972144107055e+00	1.999018e+00
5.476439716203259e+00	1.520793e+00
5.483326797407323e+00	9.603111e-01
5.491139297407323e+00	2.089467e-01
5.498951797407323e+00	-6.028105e-01
5.506764297407323e+00	-1.400831e+00
5.514576797407323e+00	-2.092544e+00
5.522389297407323e+00	-2.575244e+00
5.530201797407323e+00	-2.704307e+00
5.538014297407323e+00	-2.350722e+00
5.545826797407323e+00	-1.567887e+00
5.552279677432097e+00	-6.895353e-01
5.558834793296684e+00	3.545548e-01
5.566647293296684e+00	1.580515e+00
5.574459793296684e+00	2.397029e+00
5.581222868030395e+00	2.570288e+00
5.586662972550613e+00	2.464335e+00
5.590744486855263e+00	2.342794e+00
5.594723292075513e+00	2.183061e+00
5.602535792075513e+00	1.747388e+00
5.610348292075513e+00	1.169537e+00
5.618160792075513e+00	4.535736e-01
5.625973292075513e+00	-3.503394e-01
5.633785792075513e+00	-1.169317e+00
5.641598292075513e+00	-1.913380e+00
5.649410792075513e+00	-2.483973e+00
5.657223292075513e+00	-2.726185e+00
5.665035792075513e+00	-2.498760e+00
5.671441040889433e+00	-1.976975e+00
5.675959976469660e+00	-1.470164e+00
5.680246131133170e+00	-8.899479e-01
5.686751859199596e+00	1.237633e-01
5.694564359199596e+00	1.370994e+00
5.702376859199596e+00	2.320365e+00
5.708317899016499e+00	2.584816e+00
5.712488126204533e+00	2.541021e+00
5.716534743339361e+00	2.440579e+00
5.720793743214588e+00	2.308119e+00
5.725466369810998e+00	2.117600e+00
5.730179399090807e+00	1.865909e+00
5.735264943757707e+00	1.523428e+00
5.740562146637116e+00	1.093858e+00
5.746098490279150e+00	5.763477e-01
5.751962701193348e+00	-2.686040e-02
5.758031758712555e+00	-6.793775e-01
5.764457870785007e+00	-1.357532e+00
5.771113951279530e+00	-1.988976e+00
5.778136366381942e+00	-2.507883e+00
5.785440773602069e+00	-2.749290e+00
5.793121076517781e+00	-2.578334e+00
5.797238575323203e+00	-2.302875e+00
5.799925775543746e+00	-2.065863e+00
5.802502352266196e+00	-1.806539e+00
5.805411169234742e+00	-1.468174e+00
5.808368939057568e+00	-1.079451e+00
5.811512220008889e+00	-6.215301e-01
5.814858674754694e+00	-9.297919e-02
5.818345866576385e+00	4.898680e-01
5.822086702766486e+00	1.130433e+00
5.826001989400130e+00	1.778118e+00
5.830193053029066e+00	2.321017e+00
5.834553317945606e+00	2.602507e+00
5.837401261384522e+00	2.626681e+00
5.840054689441829e+00	2.583193e+00
5.843660507957802e+00	2.502484e+00
5.847367956359360e+00	2.401986e+00
5.851824315877716e+00	2.246707e+00
5.856856188650141e+00	2.012288e+00
5.862529678794650e+00	1.662582e+00
5.869147791459317e+00	1.145961e+00
5.876518389740709e+00	4.592263e-01
5.884330889740709e+00	-3.493317e-01
5.892143389740709e+00	-1.171956e+00
5.899955889740709e+00	-1.919914e+00
5.907768389740709e+00	-2.493962e+00
5.915580889740709e+00	-2.733147e+00
5.923393389740709e+00	-2.508669e+00
5.928586480226626e+00	-2.101837e+00
5.932391135654135e+00	-1.703071e+00
5.935989318833390e+00	-1.257850e+00
5.940915672608960e+00	-5.486901e-01
5.945995398536420e+00	2.643007e-01
5.952161253197112e+00	1.279818e+00
5.959160133659111e+00	2.218910e+00
5.964754746776598e+00	2.568421e+00
5.969360356822369e+00	2.569650e+00
5.973556204226053e+00	2.477237e+00
5.978222078827621e+00	2.340462e+00
5.982929683613877e+00	2.158758e+00
5.987723527653118e+00	1.913722e+00
5.992730140059343e+00	1.588625e+00
5.997811947707328e+00	1.189148e+00
6.003043361115234e+00	7.132105e-01
6.008420534516604e+00	1.712147e-01
6.013889219897910e+00	-4.132971e-01
6.019532150859984e+00	-1.022719e+00
6.025255983107397e+00	-1.611754e+00
6.031151096037410e+00	-2.146045e+00
6.037145002417499e+00	-2.568422e+00
6.043300354433717e+00	-2.779802e+00
6.049597652797718e+00	-2.735996e+00
6.049776046765194e+00	-2.727585e+00
6.050132834700148e+00	-2.702945e+00
6.050639052251001e+00	-2.668900e+00
6.051187928457154e+00	-2.632652e+00
6.052285680869460e+00	-2.559684e+00
6.054481185694071e+00	-2.404510e+00
6.057562500020319e+00	-2.159087e+00
6.060075719152782e+00	-1.925569e+00
6.062446875676821e+00	-1.666582e+00
6.066010251661375e+00	-1.214263e+00
6.070836130402700e+00	-5.067026e-01
6.078648630402700e+00	7.559347e-01
6.086461130402700e+00	1.922313e+00
6.092975310031095e+00	2.525651e+00
6.097387437170969e+00	2.616946e+00
6.100729076997431e+00	2.560716e+00
6.103688954779396e+00	2.490026e+00
6.106775993524876e+00	2.399692e+00
6.112950071015837e+00	2.153525e+00
6.120762571015837e+00	1.715240e+00
6.128575071015837e+00	1.125794e+00
6.136387571015837e+00	4.019874e-01
6.144200071015837e+00	-4.040691e-01
6.152012571015837e+00	-1.218185e+00
6.159825071015837e+00	-1.949755e+00
6.167637571015837e+00	-2.500270e+00
6.175450071015837e+00	-2.716775e+00
6.183262571015837e+00	-2.498544e+00
6.187397653495363e+00	-2.197244e+00
6.190180774406888e+00	-1.932253e+00
6.192795013830546e+00	-1.647198e+00
6.196160279135782e+00	-1.212973e+00
6.202890809746254e+00	-2.059367e-01
6.210703309746254e+00	1.055395e+00
6.218515809746254e+00	2.143057e+00
6.224495461550160e+00	2.581832e+00
6.227758682332839e+00	2.609621e+00
6.230725973722911e+00	2.554268e+00
6.234169310575630e+00	2.472143e+00
6.237705983301308e+00	2.365010e+00
6.244402492846524e+00	2.082349e+00
6.252214992846524e+00	1.619047e+00
6.260027492846524e+00	1.004010e+00
6.267839992846524e+00	2.615200e-01
6.275652492846524e+00	-5.520213e-01
6.283464992846524e+00	-1.358965e+00
6.291277492846524e+00	-2.066774e+00
6.299089992846524e+00	-2.572069e+00
6.306902492846524e+00	-2.721292e+00
6.314714992846524e+00	-2.378170e+00
6.322097682663518e+00	-1.652734e+00
6.327378710620712e+00	-9.614993e-01
6.332252762685388e+00	-2.125039e-01
6.339703436181985e+00	1.016803e+00
6.347515936181985e+00	2.119946e+00
6.353467236177292e+00	2.565506e+00
6.356933679317739e+00	2.596197e+00
6.360352193642832e+00	2.531331e+00
6.364455310102024e+00	2.429423e+00
6.368328340079834e+00	2.305560e+00
6.374144621486470e+00	2.053416e+00
6.380002802039327e+00	1.707066e+00
6.387532651350424e+00	1.126221e+00
6.395345151350424e+00	3.983557e-01
6.403157651350424e+00	-4.133811e-01
6.410970151350424e+00	-1.235663e+00
6.418782651350424e+00	-1.976864e+00
6.426595151350424e+00	-2.536160e+00
6.434407651350424e+00	-2.747371e+00
6.442220151350424e+00	-2.436475e+00
6.449991323579535e+00	-1.672218e+00
6.455579235548275e+00	-9.360284e-01
6.461011461919516e+00	-9.946676e-02
6.468823961919516e+00	1.172581e+00
6.476636461919516e+00	2.207622e+00
6.482530195726546e+00	2.564909e+00
6.486139759110841e+00	2.563359e+00
6.489637026295962e+00	2.489041e+00
6.493414263295719e+00	2.389413e+00
6.497245804227642e+00	2.263232e+00
6.501187582679202e+00	2.096241e+00
6.505280776477481e+00	1.876640e+00
6.509473116823919e+00	1.601241e+00
6.513793782975980e+00	1.265659e+00
6.518247965404852e+00	8.700658e-01
6.522804104153876e+00	4.217303e-01
6.527510170165867e+00	-7.532252e-02
6.532311474644843e+00	-6.014059e-01
6.537264755192377e+00	-1.143126e+00
6.542316781980809e+00	-1.669073e+00
6.547519735756461e+00	-2.153123e+00
6.552833750521881e+00	-2.554657e+00
6.558297845110994e+00	-2.802138e+00
6.563902048685159e+00	-2.793496e+00
6.568759631792247e+00	-2.555049e+00
6.573335946165810e+00	-2.190119e+00
6.578051899280283e+00	-1.715751e+00
6.582561474569419e+00	-1.157343e+00
6.587571973332590e+00	-4.258161e-01
6.592567137195327e+00	3.839379e-01
6.597806713459168e+00	1.264672e+00
6.603314635755336e+00	2.066200e+00
6.608901844190666e+00	2.543446e+00
6.612918532230442e+00	2.614455e+00
6.617067262532910e+00	2.542762e+00
6.621018922929573e+00	2.444426e+00
6.624884173734353e+00	2.324201e+00
6.629170214533582e+00	2.152993e+00
6.633259069950556e+00	1.944082e+00
6.637595472287224e+00	1.669758e+00
6.641968911342332e+00	1.340579e+00
6.646403054651393e+00	9.567558e-01
6.650973546843535e+00	5.167058e-01
6.655567721538772e+00	4.010310e-02
6.660286800671256e+00	-4.704029e-01
6.665048130922243e+00	-9.884344e-01
6.669910004128226e+00	-1.498592e+00
6.674829227942204e+00	-1.970553e+00
6.679839603816118e+00	-2.378480e+00
6.684919774666089e+00	-2.688942e+00
6.690088301525552e+00	-2.820273e+00
6.695350046823747e+00	-2.679908e+00
6.699970193633353e+00	-2.366013e+00
6.704265262508112e+00	-1.987903e+00
6.708206271260280e+00	-1.566907e+00
6.712486587122931e+00	-1.014779e+00
6.716812543727397e+00	-3.751457e-01
6.721257250590323e+00	3.457299e-01
6.725868589060902e+00	1.123950e+00
6.730614199345522e+00	1.880524e+00
6.735485872021096e+00	2.419339e+00
6.740661000019625e+00	2.613601e+00
6.743828493686422e+00	2.585788e+00
6.746907582688677e+00	2.517438e+00
6.749560432399357e+00	2.450865e+00
6.751968328021166e+00	2.382924e+00
6.754108348645926e+00	2.313842e+00
6.756028093605508e+00	2.242951e+00
6.757741580096774e+00	2.171600e+00
6.759274985497564e+00	2.100815e+00
6.760644545968125e+00	2.031865e+00
6.761869554818067e+00	1.965551e+00
6.762964170807819e+00	1.902561e+00
6.763943444712012e+00	1.843216e+00
6.764819031051777e+00	1.787767e+00
6.765602830941718e+00	1.736230e+00
6.766304312747386e+00	1.688592e+00
6.768001791976118e+00	1.567472e+00
6.768717975966619e+00	1.513855e+00
6.769434159957120e+00	1.458879e+00
6.770150343947621e+00	1.402543e+00
6.770866527938121e+00	1.344848e+00
6.771582711928622e+00	1.285794e+00
6.772298895919123e+00	1.225381e+00
6.773015079909624e+00	1.163609e+00
6.774033935007631e+00	1.073415e+00
6.775052790105637e+00	9.810296e-01
6.776071645203643e+00	8.864540e-01
6.777090500301649e+00	7.896876e-01
6.778109355399656e+00	6.907307e-01
6.779128210497662e+00	5.895830e-01
6.780147065595669e+00	4.862446e-01
6.780820081867962e+00	4.171511e-01
6.781493098140254e+00	3.474576e-01
6.782166114412547e+00	2.771642e-01
6.782839130684841e+00	2.062709e-01
6.783512146957134e+00	1.347776e-01
6.784185163229426e+00	6.268452e-02
6.784858179501719e+00	-1.000851e-02
6.785585953026387e+00	-8.896250e-02
6.786367393846104e+00	-1.742226e-01
6.787205989409554e+00	-2.661839e-01
6.788107027980455e+00	-3.654120e-01
6.790114507326988e+00	-5.873771e-01
6.791231638770353e+00	-7.109810e-01
6.792433097622983e+00	-8.435853e-01
6.793724019154163e+00	-9.852874e-01
6.795112825731796e+00	-1.136333e+00
6.796605439835294e+00	-1.296407e+00
6.798211609690429e+00	-1.465227e+00
6.799938311944164e+00	-1.641715e+00
6.801796709819216e+00	-1.824567e+00
6.803795322888418e+00	-2.011364e+00
6.805946696845400e+00	-2.198976e+00
6.808261806646327e+00	-2.382737e+00
6.810754273752694e+00	-2.556455e+00
6.813439240111476e+00	-2.711865e+00
6.816330509063723e+00	-2.836666e+00
6.819450592615440e+00	-2.881982e+00
6.822821458350770e+00	-2.781108e+00
6.826280594680325e+00	-2.567323e+00
6.829478665751452e+00	-2.337268e+00
6.832374449628385e+00	-2.094180e+00
6.836303886286548e+00	-1.689897e+00
6.839899958362690e+00	-1.248132e+00
6.844137388604647e+00	-6.445206e-01
6.848653143657145e+00	7.088313e-02
6.853461460512443e+00	8.797918e-01
6.858864585195877e+00	1.753806e+00
6.864541606923336e+00	2.402881e+00
6.870055677348725e+00	2.610888e+00
6.874476284081956e+00	2.560027e+00
6.878526247816786e+00	2.460469e+00
6.882347717780894e+00	2.345787e+00
6.886208981906835e+00	2.200401e+00
6.889777247982889e+00	2.032097e+00
6.893295246675422e+00	1.830819e+00
6.896655509874995e+00	1.605925e+00
6.899878384955326e+00	1.360791e+00
6.902997617832114e+00	1.097937e+00
6.905972703425697e+00	8.259596e-01
6.908846043906455e+00	5.460052e-01
6.911593263079462e+00	2.651284e-01
6.914236401467688e+00	-1.462239e-02
6.916767381098446e+00	-2.885668e-01
6.919198365059094e+00	-5.546848e-01
6.921526441555060e+00	-8.098192e-01
6.923761377005324e+00	-1.052688e+00
6.925901663414242e+00	-1.281237e+00
6.927955679234997e+00	-1.494897e+00
6.929923394558894e+00	-1.692587e+00
6.931811326823236e+00	-1.874228e+00
6.933621077735734e+00	-2.039539e+00
6.935357336235731e+00	-2.188771e+00
6.937022977120764e+00	-2.322208e+00
6.938621250551511e+00	-2.440325e+00
6.940155828043824e+00	-2.543750e+00
6.941628910836075e+00	-2.633100e+00
6.943044594602742e+00	-2.709177e+00
6.944404322822246e+00	-2.772677e+00
6.945712358543751e+00	-2.824455e+00
6.946969601005868e+00	-2.865199e+00
6.948180300404165e+00	-2.894878e+00
6.949345111120503e+00	-2.907498e+00
6.950465364852286e+00	-2.890740e+00
6.951563585846515e+00	-2.841817e+00
6.952634086039995e+00	-2.776091e+00
6.953641985652767e+00	-2.710721e+00
6.954626295402848e+00	-2.647031e+00
6.955579111755927e+00	-2.585041e+00
6.956497448803781e+00	-2.524455e+00
6.957390929325748e+00	-2.464085e+00
6.958254050181950e+00	-2.403738e+00
6.959091961103766e+00	-2.342551e+00
6.959904840316021e+00	-2.280147e+00
6.960693166020386e+00	-2.216324e+00
6.961459870609954e+00	-2.150865e+00
6.962203981979082e+00	-2.084013e+00
6.962928645390209e+00	-2.015719e+00
6.964319780542410e+00	-1.875828e+00
6.965641014469114e+00	-1.732442e+00
6.966899348045545e+00	-1.586603e+00
6.967506740104728e+00	-1.513051e+00
6.968101187256690e+00	-1.439123e+00
6.968682586681989e+00	-1.364990e+00
6.969810597057409e+00	-1.216143e+00
6.971424364958533e+00	-9.921677e-01
6.972957841113283e+00	-7.680597e-01
6.974426030019869e+00	-5.440328e-01
6.975841545889932e+00	-3.201122e-01
6.976762192497377e+00	-1.707120e-01
6.977216964526455e+00	-9.591404e-02
6.977668323328689e+00	-2.106780e-02
6.978117061208421e+00	5.391286e-02
6.979007495237681e+00	2.042431e-01
6.979449981908930e+00	2.796429e-01
6.979891387392944e+00	3.552713e-01
6.980771795374668e+00	5.072005e-01
6.981606931808064e+00	6.532843e-01
6.982442068241460e+00	7.993125e-01
6.983277204674856e+00	9.452849e-01
6.984112341108252e+00	1.091202e+00
6.984947477541647e+00	1.237063e+00
6.985782613975044e+00	1.382868e+00
6.986617750408439e+00	1.528618e+00
6.987568737087074e+00	1.691571e+00
6.988052618328051e+00	1.773431e+00
6.988542559002258e+00	1.855410e+00
6.989039110700923e+00	1.937398e+00
6.989542597723294e+00	2.019202e+00
6.990053533393693e+00	2.100596e+00
6.990572292712036e+00	2.181244e+00
6.991099341377380e+00	2.260692e+00
6.991635079717383e+00	2.338271e+00
6.992179945073403e+00	2.412979e+00
6.992734215399094e+00	2.483188e+00
6.993298501293202e+00	2.546142e+00
6.993872221128699e+00	2.597536e+00
6.994457562467135e+00	2.633803e+00
6.995053890828252e+00	2.655190e+00
6.995652761131682e+00	2.665912e+00
6.996273731234265e+00	2.670582e+00
6.996903194193420e+00	2.671143e+00
6.997545194654362e+00	2.668502e+00
6.998203647811419e+00	2.663158e+00
6.998873696195715e+00	2.655538e+00
6.999560526821360e+00	2.645901e+00
7.000262138560348e+00	2.634542e+00
7.000980100966695e+00	2.621659e+00
7.001715326517995e+00	2.607422e+00
7.002467881924224e+00	2.591983e+00
7.003239217898542e+00	2.575430e+00
7.004029616535351e+00	2.557845e+00
7.004840200394668e+00	2.539250e+00
7.005671675594688e+00	2.519634e+00
7.006524983953585e+00	2.498926e+00
7.007400992227515e+00	2.476992e+00
7.008300690278286e+00	2.453622e+00
7.009224927720892e+00	2.428535e+00
7.010174867327414e+00	2.401380e+00
7.011151186893808e+00	2.371771e+00
7.012155397081861e+00	2.339274e+00
7.013187804021461e+00	2.303480e+00
7.014250408798537e+00	2.263924e+00
7.015343107877531e+00	2.220213e+00
7.016468319136719e+00	2.171855e+00
7.017625665298318e+00	2.118467e+00
7.018817849008571e+00	2.059522e+00
7.020044296714090e+00	1.994641e+00
7.021307978118730e+00	1.923259e+00
7.022608084737653e+00	1.845013e+00
7.023947912269985e+00	1.759298e+00
7.025326342753840e+00	1.665787e+00
7.026747058880377e+00	1.563844e+00
7.028208572142566e+00	1.453215e+00
7.029714994951930e+00	1.333254e+00
7.031264424342153e+00	1.203821e+00
7.032861432965968e+00	1.064298e+00
7.034503673530883e+00	9.147243e-01
7.036196199062321e+00	7.545614e-01
7.037936209504383e+00	5.841076e-01
7.039729240221295e+00	4.029868e-01
7.041572068187259e+00	2.118528e-01
7.043470681236052e+00	1.060440e-02
7.045421524642063e+00	-1.996355e-01
7.047430959074326e+00	-4.185432e-01
7.049495280648978e+00	-6.444020e-01
7.051621070338010e+00	-8.762719e-01
7.053804786536817e+00	-1.111714e+00
7.056052975442437e+00	-1.348942e+00
7.058362744210169e+00	-1.584671e+00
7.060740209784060e+00	-1.816014e+00
7.063183843784133e+00	-2.038732e+00
7.065698755887271e+00	-2.248587e+00
7.068285787685318e+00	-2.440297e+00
7.070948228786258e+00	-2.608097e+00
7.073690649650203e+00	-2.745594e+00
7.076513415674268e+00	-2.842054e+00
7.079426598792109e+00	-2.858094e+00
7.082447260182374e+00	-2.751154e+00
7.085395163356393e+00	-2.565587e+00
7.087981899934967e+00	-2.383311e+00
7.090484350402240e+00	-2.185920e+00
7.093399821044434e+00	-1.913085e+00
7.096128295652562e+00	-1.614142e+00
7.099117123126184e+00	-1.238782e+00
7.102162360679413e+00	-8.113889e-01
7.105301854688197e+00	-3.290873e-01
7.108615414542507e+00	2.153120e-01
7.112004724184643e+00	7.955463e-01
7.115578344292115e+00	1.410908e+00
7.119264301023501e+00	2.003242e+00
7.123138998417472e+00	2.452152e+00
7.127078288955476e+00	2.638829e+00
7.129458671131182e+00	2.637385e+00
7.131796982406638e+00	2.595537e+00
7.135420547868203e+00	2.513892e+00
7.138980975702078e+00	2.417820e+00
7.143772465283858e+00	2.251002e+00
7.149258362301663e+00	1.991231e+00
7.155783988809066e+00	1.573747e+00
7.163596488809066e+00	9.373648e-01
7.171408988809066e+00	1.856304e-01
7.179221488809066e+00	-6.297958e-01
7.187033988809066e+00	-1.429646e+00
7.194846488809066e+00	-2.120577e+00
7.202658988809066e+00	-2.594845e+00
7.210471488809066e+00	-2.705762e+00
7.218283988809066e+00	-2.336973e+00
7.226096488809066e+00	-1.545433e+00
7.232941708846186e+00	-6.047179e-01
7.239689578884002e+00	4.768719e-01
7.247502078884002e+00	1.677323e+00
7.255314578884002e+00	2.423486e+00
7.262443759444252e+00	2.553186e+00
7.268858432903288e+00	2.403795e+00
7.274697067589580e+00	2.191427e+00
7.280554253758125e+00	1.892223e+00
7.287916472777451e+00	1.386375e+00
7.294942228271471e+00	7.832062e-01
7.302754728271471e+00	6.581111e-03
7.310567228271471e+00	-8.154447e-01
7.318379728271471e+00	-1.602972e+00
7.326192228271471e+00	-2.260179e+00
7.334004728271471e+00	-2.658560e+00
7.341817228271471e+00	-2.766837e+00
7.342278145565551e+00	-2.754664e+00
7.343199980153711e+00	-2.704129e+00
7.344682046585038e+00	-2.613814e+00
7.346236305698182e+00	-2.512749e+00
7.348077265122016e+00	-2.381114e+00
7.351759183969685e+00	-2.078755e+00
7.354401382033466e+00	-1.823008e+00
7.356935109109748e+00	-1.534374e+00
7.360165834141982e+00	-1.105442e+00
7.366627284206448e+00	-1.224187e-01
7.374439784206448e+00	1.143801e+00
7.382252284206448e+00	2.208133e+00
7.388142757916169e+00	2.608634e+00
7.390963042435978e+00	2.623124e+00
7.393789003736719e+00	2.568326e+00
7.397657105391522e+00	2.475109e+00
7.401451813100151e+00	2.361607e+00
7.406839314295796e+00	2.146617e+00
7.412768615412549e+00	1.822655e+00
7.420154548098637e+00	1.289148e+00
7.427967048098637e+00	5.948749e-01
7.435779548098637e+00	-1.939016e-01
7.443592048098637e+00	-1.010650e+00
7.451404548098637e+00	-1.768700e+00
7.459217048098637e+00	-2.371393e+00
7.467029548098637e+00	-2.682452e+00
7.474842048098637e+00	-2.673693e+00
7.475077102439954e+00	-2.664292e+00
7.475547211122588e+00	-2.634855e+00
7.476487428487858e+00	-2.575033e+00
7.477481419618679e+00	-2.509793e+00
7.479469401880319e+00	-2.367594e+00
7.482937115162579e+00	-2.082851e+00
7.485737065871121e+00	-1.811615e+00
7.488263845957547e+00	-1.523779e+00
7.491462498849155e+00	-1.098549e+00
7.497859804632372e+00	-1.242750e-01
7.505672304632372e+00	1.143604e+00
7.513484804632372e+00	2.209876e+00
7.519362607990661e+00	2.610398e+00
7.522169314545049e+00	2.624916e+00
7.524984684361125e+00	2.570403e+00
7.528843136709512e+00	2.477681e+00
7.532631251520776e+00	2.365143e+00
7.537975613382007e+00	2.154025e+00
7.543867974580231e+00	1.835794e+00
7.551176048387524e+00	1.313663e+00
7.558988548387524e+00	6.256165e-01
7.566801048387524e+00	-1.581745e-01
7.574613548387524e+00	-9.726983e-01
7.582426048387524e+00	-1.732264e+00
7.590238548387524e+00	-2.340889e+00
7.598051048387524e+00	-2.669232e+00
7.605863548387524e+00	-2.693856e+00
7.606142389793960e+00	-2.684211e+00
7.606700072606831e+00	-2.651781e+00
7.607815438232573e+00	-2.583537e+00
7.608983942713365e+00	-2.507714e+00
7.611320951674950e+00	-2.341028e+00
7.614315504743564e+00	-2.096133e+00
7.616918796908936e+00	-1.846345e+00
7.619321938909885e+00	-1.577889e+00
7.622270164394998e+00	-1.194966e+00
7.628166615365225e+00	-3.133269e-01
7.635979115365225e+00	9.552715e-01
7.643791615365225e+00	2.081020e+00
7.649875953318189e+00	2.575718e+00
7.653495574391962e+00	2.623323e+00
7.656859475319862e+00	2.562780e+00
7.659999558580268e+00	2.488099e+00
7.663424753683946e+00	2.386221e+00
7.669983196981097e+00	2.118134e+00
7.677795696981097e+00	1.669874e+00
7.685608196981097e+00	1.072137e+00
7.693420696981097e+00	3.457701e-01
7.701233196981097e+00	-4.557614e-01
7.709045696981097e+00	-1.257718e+00
7.716858196981097e+00	-1.970131e+00
7.724670696981097e+00	-2.496213e+00
7.732483196981097e+00	-2.696971e+00
7.740295696981097e+00	-2.488356e+00
7.744436516313032e+00	-2.199056e+00
7.747357320290306e+00	-1.925281e+00
7.750135843377379e+00	-1.619425e+00
7.754139180222719e+00	-1.092246e+00
7.761364331636333e+00	1.061972e-02
7.769176831636333e+00	1.270300e+00
7.776989331636333e+00	2.283652e+00
7.782816938544729e+00	2.610206e+00
7.785852521270575e+00	2.600722e+00
7.788772079740973e+00	2.537999e+00
7.792067398704396e+00	2.455338e+00
7.795670210133241e+00	2.348212e+00
7.799454927493112e+00	2.206858e+00
7.803669167125024e+00	2.006091e+00
7.808158559874540e+00	1.738311e+00
7.813027789686552e+00	1.385296e+00
7.818314709181473e+00	9.356433e-01
7.823970264412718e+00	3.924623e-01
7.830131650905534e+00	-2.464864e-01
7.836705002506304e+00	-9.409955e-01
7.843855223472540e+00	-1.650158e+00
7.851478863179110e+00	-2.273881e+00
7.859291363179110e+00	-2.656413e+00
7.867103863179110e+00	-2.755092e+00
7.867582340076170e+00	-2.742462e+00
7.868539293870291e+00	-2.690650e+00
7.870075609291907e+00	-2.597405e+00
7.871694144484938e+00	-2.491597e+00
7.873547268162294e+00	-2.356892e+00
7.877253515517006e+00	-2.043615e+00
7.880265540650380e+00	-1.740982e+00
7.883131752646571e+00	-1.400768e+00
7.886498015516080e+00	-9.355006e-01
7.893230541255099e+00	1.184051e-01
7.901043041255099e+00	1.374960e+00
7.908855541255099e+00	2.341138e+00
7.914738572060378e+00	2.622180e+00
7.917538883910518e+00	2.600270e+00
7.920220351466051e+00	2.539598e+00
7.923020708334153e+00	2.468683e+00
7.926607459242959e+00	2.363428e+00
7.930138798192090e+00	2.234784e+00
7.934393654830527e+00	2.037094e+00
7.939003474531485e+00	1.767428e+00
7.944117247964916e+00	1.399691e+00
7.949914757849045e+00	9.054285e-01
7.956224473594230e+00	2.942970e-01
7.963362562461817e+00	-4.481989e-01
7.971162203467300e+00	-1.254492e+00
7.978974703467300e+00	-1.973275e+00
7.986787203467300e+00	-2.506657e+00
7.994599703467300e+00	-2.747941e+00
8.000000000000000e+00	-2.770952e+00
